 MIPQUA05[B1_GRADIENT] =   1.35834207775730E+00
 MIPQUA06[B1_GRADIENT] =   1.15391157263367E+01
 MIPQUA07[B1_GRADIENT] =  -1.03021424596003E+01
 
 end_file
 
 
 ! Top 10
 
 Constraints                                    Ref_Ele    Start_Ele   Ele/S    Meas-or-Lim    Model       Merit      Max_Loc
 lat_corr.alpha[1]       alpha.a <min>                                END       -7.0000E+00  -2.2247E+01  2.325E+03
 lat_corr.beta[1]        beta.a <max>                     BEGINNING   END        3.0000E+01   3.8760E+01  7.674E+02  MIPQUA07
 lat_corr.dispersion[2]  etap.b <target>                              END        0.0000E+00   1.9241E-07  3.702E-10
 lat_corr.dispersion[1]  eta.b <target>                               END        0.0000E+00   4.6389E-08  2.152E-11
 MIPQUA07[1]             MIPQUA07[B1_GRADIENT]                        1.23      -1.5000E+01  -1.0302E+01  0.000E+00
 MIPQUA06[1]             MIPQUA06[B1_GRADIENT]                        0.92       1.5000E+01   1.1539E+01  0.000E+00
 MIPQUA05[1]             MIPQUA05[B1_GRADIENT]                        0.62       1.5000E+01   1.3583E+00  0.000E+00
 lat_corr.beta[2]        beta.b <max>                     BEGINNING   END        3.0000E+01   5.6286E+00  0.000E+00  IV.PIP01#3
 lat_corr.alpha[2]       alpha.b <min>                                END       -7.0000E+00  -5.4526E+00  0.000E+00
 Constraints                                    Ref_Ele    Start_Ele   Ele/S    Meas-or-Lim    Model       Merit      Max_Loc
 
  figure of merit: 3.092270E+03
 
 Constraints                                    Ref_Ele    Start_Ele   Ele/S    Meas-or-Lim    Model       Merit      Max_Loc
 lat_corr.dispersion[1]  eta.b <target>                               END        0.0000E+00   4.6389E-08  2.152E-11
 lat_corr.dispersion[2]  etap.b <target>                              END        0.0000E+00   1.9241E-07  3.702E-10
 lat_corr.alpha[1]       alpha.a <min>                                END       -7.0000E+00  -2.2247E+01  2.325E+03
 lat_corr.alpha[2]       alpha.b <min>                                END       -7.0000E+00  -5.4526E+00  0.000E+00
 lat_corr.beta[1]        beta.a <max>                     BEGINNING   END        3.0000E+01   3.8760E+01  7.674E+02  MIPQUA07
 lat_corr.beta[2]        beta.b <max>                     BEGINNING   END        3.0000E+01   5.6286E+00  0.000E+00  IV.PIP01#3
 MIPQUA05[1]             MIPQUA05[B1_GRADIENT]                        0.62       1.5000E+01   1.3583E+00  0.000E+00
 MIPQUA06[1]             MIPQUA06[B1_GRADIENT]                        0.92       1.5000E+01   1.1539E+01  0.000E+00
 MIPQUA07[1]             MIPQUA07[B1_GRADIENT]                        1.23      -1.5000E+01  -1.0302E+01  0.000E+00
 Constraints                                    Ref_Ele    Start_Ele   Ele/S    Meas-or-Lim    Model       Merit      Max_Loc
 
  figure of merit: 3.092270E+03
