 MIPQUA01[B1_GRADIENT] =  -8.33995700253289E+00
 MIPQUA02[B1_GRADIENT] =   5.57124823164711E+00
 MIPQUA03[B1_GRADIENT] =   7.71560728662779E+00
 MIPQUA04[B1_GRADIENT] =  -8.97753711410245E+00
 
 end_file
 
 
 ! Top 10
 
 Constraints                               Ref_Ele    Start_Ele   Ele/S    Meas-or-Lim    Model       Merit      Max_Loc
 lat_corr.beta[2]   beta.b <target>                              END        1.2261E-01   1.2261E-01  4.130E-25
 lat_corr.beta[1]   beta.a <target>                              END        1.2261E-01   1.2261E-01  5.365E-26
 lat_corr.alpha[2]  alpha.b <target>                             END        0.0000E+00   5.2380E-15  2.744E-27
 lat_corr.alpha[1]  alpha.a <target>                             END        0.0000E+00   2.8766E-15  8.275E-28
 MIPQUA04[1]        MIPQUA04[B1_GRADIENT]                        1.27      -1.5000E+01  -8.9775E+00  0.000E+00
 MIPQUA03[1]        MIPQUA03[B1_GRADIENT]                        0.97       1.5000E+01   7.7156E+00  0.000E+00
 MIPQUA02[1]        MIPQUA02[B1_GRADIENT]                        0.67       1.5000E+01   5.5712E+00  0.000E+00
 MIPQUA01[1]        MIPQUA01[B1_GRADIENT]                        0.38      -1.5000E+01  -8.3400E+00  0.000E+00
 Constraints                               Ref_Ele    Start_Ele   Ele/S    Meas-or-Lim    Model       Merit      Max_Loc
 
  figure of merit: 4.702571E-25
 
 Constraints                               Ref_Ele    Start_Ele   Ele/S    Meas-or-Lim    Model       Merit      Max_Loc
 lat_corr.alpha[1]  alpha.a <target>                             END        0.0000E+00   2.8766E-15  8.275E-28
 lat_corr.alpha[2]  alpha.b <target>                             END        0.0000E+00   5.2380E-15  2.744E-27
 lat_corr.beta[1]   beta.a <target>                              END        1.2261E-01   1.2261E-01  5.365E-26
 lat_corr.beta[2]   beta.b <target>                              END        1.2261E-01   1.2261E-01  4.130E-25
 MIPQUA01[1]        MIPQUA01[B1_GRADIENT]                        0.38      -1.5000E+01  -8.3400E+00  0.000E+00
 MIPQUA02[1]        MIPQUA02[B1_GRADIENT]                        0.67       1.5000E+01   5.5712E+00  0.000E+00
 MIPQUA03[1]        MIPQUA03[B1_GRADIENT]                        0.97       1.5000E+01   7.7156E+00  0.000E+00
 MIPQUA04[1]        MIPQUA04[B1_GRADIENT]                        1.27      -1.5000E+01  -8.9775E+00  0.000E+00
 Constraints                               Ref_Ele    Start_Ele   Ele/S    Meas-or-Lim    Model       Merit      Max_Loc
 
  figure of merit: 4.702571E-25
