 MVDQUA01[K1] =  -1.72815249813961E+01
 MVDQUA02[K1] =   8.19568608556050E+00
 MVDQUA03[K1] =  -1.72815249813962E+01
 
 end_file
 
 
 ! Top 10
 
 Constraints                   Ref_Ele    Start_Ele   Ele/S    Meas-or-Lim    Model       Merit      Max_Loc
 lat_corr[1]  eta.y <target>                         MVDDIP02   0.0000E+00   3.1324E-17  9.812E-29
 lat_corr[2]  etap.y <target>                        MVDDIP02   0.0000E+00   5.7597E-20  3.317E-34
 MVDQUA03[1]  MVDQUA03[K1]                           3.00      -2.5000E+01  -1.7282E+01  0.000E+00
 MVDQUA02[1]  MVDQUA02[K1]                           2.23       2.5000E+01   8.1957E+00  0.000E+00
 MVDQUA01[1]  MVDQUA01[K1]                           1.45      -2.5000E+01  -1.7282E+01  0.000E+00
 Constraints                   Ref_Ele    Start_Ele   Ele/S    Meas-or-Lim    Model       Merit      Max_Loc
 
  figure of merit: 9.811977E-29
 
 Constraints                   Ref_Ele    Start_Ele   Ele/S    Meas-or-Lim    Model       Merit      Max_Loc
 lat_corr[1]  eta.y <target>                         MVDDIP02   0.0000E+00   3.1324E-17  9.812E-29
 lat_corr[2]  etap.y <target>                        MVDDIP02   0.0000E+00   5.7597E-20  3.317E-34
 MVDQUA01[1]  MVDQUA01[K1]                           1.45      -2.5000E+01  -1.7282E+01  0.000E+00
 MVDQUA02[1]  MVDQUA02[K1]                           2.23       2.5000E+01   8.1957E+00  0.000E+00
 MVDQUA03[1]  MVDQUA03[K1]                           3.00      -2.5000E+01  -1.7282E+01  0.000E+00
 Constraints                   Ref_Ele    Start_Ele   Ele/S    Meas-or-Lim    Model       Merit      Max_Loc
 
  figure of merit: 9.811977E-29
