 MIPQUA05[B1_GRADIENT] =  -7.59405231077116E+00
 MIPQUA06[B1_GRADIENT] =   1.41164183537090E+01
 MIPQUA07[B1_GRADIENT] =  -9.46549556801764E+00
 MAMQUA01[B1_GRADIENT] =  -3.82368511164313E+00
 MAMQUA02[B1_GRADIENT] =   5.79814966340056E+00
 MDVQUA01[B1_GRADIENT] =   8.92043527919989E+00
 MDVQUA02[B1_GRADIENT] =  -9.31280702184825E+00
 MDVQUA06[B1_GRADIENT] =  -2.50000198075328E+00
 
 end_file
 
 
 ! Top 10
 
 Constraints                                      Ref_Ele    Start_Ele   Ele/S    Meas-or-Lim    Model       Merit      Max_Loc
 lat_corr.dispersion_x[2]  etap.a <target>                              END        0.0000E+00  -1.1700E-12  1.369E-23
 lat_corr.beta_end[1]      beta.a <target>                              END        8.1380E+00   8.1380E+00  4.320E-26
 lat_corr.alpha_end[2]     alpha.b <target>                             END       -1.0400E-01  -1.0400E-01  1.568E-26
 lat_corr.beta_end[2]      beta.b <target>                              END        8.1040E+00   8.1040E+00  1.022E-26
 lat_corr.dispersion_x[1]  eta.a <target>                               END        0.0000E+00  -2.2422E-14  5.028E-27
 lat_corr.alpha_end[1]     alpha.a <target>                             END        1.8400E-01   1.8400E-01  1.418E-27
 lat_corr.beta_end[1]      beta.a <max>                     MIVDIP01    END        1.0000E+02   4.9708E+01  0.000E+00  MIVDIP01
 MIPQUA05[1]               MIPQUA05[B1_GRADIENT]                        28.64     -1.5000E+01  -7.5941E+00  0.000E+00
 lat_corr.beta_end[2]      beta.b <max>                     MIVDIP01    END        1.0000E+02   9.4880E+01  0.000E+00  ARC.PIP#1
 MIPQUA07[1]               MIPQUA07[B1_GRADIENT]                        29.24     -1.5000E+01  -9.4655E+00  0.000E+00
 Constraints                                      Ref_Ele    Start_Ele   Ele/S    Meas-or-Lim    Model       Merit      Max_Loc
 
  figure of merit: 1.376531E-23
 
 Constraints                                      Ref_Ele    Start_Ele   Ele/S    Meas-or-Lim    Model       Merit      Max_Loc
 lat_corr.dispersion_x[1]  eta.a <target>                               END        0.0000E+00  -2.2422E-14  5.028E-27
 lat_corr.dispersion_x[2]  etap.a <target>                              END        0.0000E+00  -1.1700E-12  1.369E-23
 lat_corr.beta_end[1]      beta.a <target>                              END        8.1380E+00   8.1380E+00  4.320E-26
 lat_corr.beta_end[2]      beta.b <target>                              END        8.1040E+00   8.1040E+00  1.022E-26
 lat_corr.alpha_end[1]     alpha.a <target>                             END        1.8400E-01   1.8400E-01  1.418E-27
 lat_corr.alpha_end[2]     alpha.b <target>                             END       -1.0400E-01  -1.0400E-01  1.568E-26
 lat_corr.beta_end[1]      beta.a <max>                     MIVDIP01    END        1.0000E+02   4.9708E+01  0.000E+00  MIVDIP01
 lat_corr.beta_end[2]      beta.b <max>                     MIVDIP01    END        1.0000E+02   9.4880E+01  0.000E+00  ARC.PIP#1
 MIPQUA05[1]               MIPQUA05[B1_GRADIENT]                        28.64     -1.5000E+01  -7.5941E+00  0.000E+00
 MIPQUA06[1]               MIPQUA06[B1_GRADIENT]                        28.94      1.5000E+01   1.4116E+01  0.000E+00
 MIPQUA07[1]               MIPQUA07[B1_GRADIENT]                        29.24     -1.5000E+01  -9.4655E+00  0.000E+00
 MAMQUA01[1]               MAMQUA01[B1_GRADIENT]                        32.24     -1.5000E+01  -3.8237E+00  0.000E+00
 MAMQUA02[1]               MAMQUA02[B1_GRADIENT]                        32.54      1.5000E+01   5.7981E+00  0.000E+00
 MDVQUA01[1]               MDVQUA01[B1_GRADIENT]                        52.52      1.5000E+01   8.9204E+00  0.000E+00
 MDVQUA02[1]               MDVQUA02[B1_GRADIENT]                        52.82     -1.5000E+01  -9.3128E+00  0.000E+00
 MDVQUA06[1]               MDVQUA06[B1_GRADIENT]                        56.92     -1.5000E+01  -2.5000E+00  0.000E+00
 Constraints                                      Ref_Ele    Start_Ele   Ele/S    Meas-or-Lim    Model       Merit      Max_Loc
 
  figure of merit: 1.376531E-23
